2.6
0.7666666666666667
0.6533333333333333
0.6
0.5866666666666667
0.58
0.5733333333333334
0.5633333333333334
0.5566666666666666
0.5533333333333333
0.5566666666666666
0.55
0.55
0.55
0.55
0.55
0.5533333333333333
0.5533333333333333
0.55
0.55
0.5566666666666666
0.55
0.55
0.5466666666666666
0.55
0.5533333333333333
0.5466666666666666
0.54
0.54
0.54
0.55
0.5466666666666666
0.5533333333333333
0.5566666666666666
0.5733333333333334
0.5766666666666667
0.58
0.6033333333333334
0.5966666666666667
0.5966666666666667
0.6
0.6033333333333334
0.6066666666666667
0.6066666666666667
0.61
0.6233333333333333
0.6266666666666667
0.63
0.64
0.64
0.6433333333333333
0.6566666666666666
0.6733333333333333
0.68
0.6933333333333334
0.71
0.7233333333333334
0.7466666666666667
0.76
0.7766666666666666
0.7866666666666666
0.7866666666666666
0.8033333333333333
0.8033333333333333
0.8233333333333334
0.8366666666666667
0.8533333333333334
0.86
0.88
0.8933333333333333
0.9233333333333333
0.9433333333333334
0.96
0.9966666666666667
1.02
1.0566666666666666
1.1033333333333333
1.1233333333333333
1.1533333333333333
1.1866666666666668
1.22
1.2566666666666666
1.31
1.3566666666666667
1.4166666666666667
1.4566666666666668
1.5366666666666666
1.58
1.6433333333333333
1.7166666666666666
1.82
1.93
2.0433333333333334
2.2133333333333334
2.453333333333333
2.76
3.09
3.62
