0.9563636363636363
0.701121487662235
0.6944095030801557
0.6900389959787856
0.6891043421172409
0.6886768711977457
0.6884960789198495
0.6883486234469438
0.68775798017209
0.6875833769974868
0.6875343573896436
0.6872930147435823
0.687224878063623
0.6871603045419066
0.6869309430537216
0.6867528892234939
0.6867184064648733
0.6866533938936255
0.6863570975973292
0.6863570975973292
0.6863086367988683
0.6861458874567072
0.6861458874567072
0.6860143085093389
0.685698551555127
0.685596557735742
0.6852587025134287
0.6848423887435996
0.6848423887435996
0.6847412206167743
0.6841414372534251
0.6840930712403531
0.6840306426593221
0.6838639759926555
0.6837110896866181
0.6836197545031459
0.6834516723995847
0.6830601110429347
0.6821415721966546
0.6816706936388195
0.6816514856009944
0.6816274915072329
0.6816023269698733
0.6815366918828545
0.6811108571811577
0.680744267720881
0.680718417380745
0.6806186969478283
0.6799845973309699
0.6799845973309699
0.6799670534713208
0.6798102833408665
0.6792743611310312
0.6791733510300211
0.6790219212811069
0.6787715009710703
0.6781362579031647
0.6778191635396579
0.6771941345070658
0.6768981012251833
0.6760292104541188
0.6759596569917081
0.67568187028858
0.675495479081677
0.6745087922157883
0.6741137564236938
0.6731505390854763
0.6722297744951632
0.6719181183837574
0.6714316510384666
0.6705163784182095
0.6702779238508978
0.6693571265310293
0.6684844395580284
0.6677783688256419
0.6667116458483623
0.6610539441657698
0.6592896364134317
0.6583488925487797
0.6568969323413766
0.655986683944492
0.6549897538300067
0.6533117557185143
0.6507814374361284
0.64796949347128
0.6449523093939914
0.6412188178155419
0.6379065541636026
0.6357531082846132
0.6307536710956497
0.6252046154209168
0.6191746038928319
0.6120447458887859
0.6017558403558552
0.5856474455507326
0.562880292385387
0.5397475324506656
0.4902696645589468
